2 8
3 72
5 19
5 38
7 58
7 83
8 14
8 72
9 65
11 3
12 20
14 66
17 81
19 28
19 82
19 95
20 6
20 84
22 44
25 71
26 60
28 8
28 10
28 16
28 34
29 53
30 33
31 65
32 33
34 68
35 62
36 14
36 34
36 89
37 16
37 18
37 58
38 57
38 72
38 76
40 22
43 33
43 35
45 74
46 16
46 84
47 2
47 43
49 91
49 95
52 2
54 56
54 62
54 77
55 91
57 79
58 56
60 38
65 10
66 78
67 45
68 34
68 86
69 52
72 8
72 69
73 83
74 51
75 41
75 51
76 35
76 94
77 66
78 36
79 53
80 38
83 20
83 37
83 54
84 50
85 5
86 52
86 54
87 86
88 71
89 97
90 69
92 11
95 5
97 38
99 15
99 30
100 45
